mnnx VERBORVM

nobilis Ι 1, 5. 8, 12. 14, 12. ΠΙ 11,
36. 17, 1. 1111 1, 13. E 13, 11. nobi-
lem I 12, 27. ΙΠ 15, 13. 1111 3, 12.
Ε 9, 29. nobile I 12, 36. nobilium 111
13, 13. 1111 12, 15. nobilis Ι 29,13.

nocent E 16, 61. nocentem 11 14,15.
nocentium IIII 9, 42. nocentius E
3, 3. nocuisset Π 8, 2. nocituram

128, 30.

Noctilucam 1111 6, 38.

nocturnus E 5, 92. nocturnae E 5,
20. nocturno Π,5 19. 13, 7. noctur-
nisIII 16,4.1111 1, 37.

nodum II 11, 24. 111 21, 22. 110ᾱο 11
19, 19. 111 14, 22.

nolis 11 12, 1.

Ἴ 110111811 ΙΠ 27, 35. 1111 15, 13. nomi-
nis 111 5,10. 9, 7. ΠΙΙ 4, 72. nomen
I 12, 4. 14, 13. 111 1, 16. 3, 45. 1111
6, 30. 8, 18. 9, 47. 15, 13. nomine
111 21, 5. Ε 17, 59. nomina 111 27,
76. 1111 2, 4.

uon Ι 2, 19. 3, 15. 24. 35. 6, 20. 13,
13. 14, 9. 10. 18. 15, 21. 22. 26. 32.
16, 5 (bis).7(bis) 18, 6. 9. 11. 22,2. 23,
99. 24, 11.15. 17. 25,16. 27,13. 15.
28,14. 33. 35. ’29, 3. 31, 3. 5. 6. 7.
36, 8. 37, 32. 111’, 22. 29. 35. 3, 2.
4,'.,'..,'.,.175171861471026.’9,
1. 13. 1ὀ, 17. 11,9. 13. 14, 5. 15,10'.
16,...7939 17,.9 18,...134019,
15’ 26. 20, 1. 5. 6. 1111, 2. 18. 20.
22. 24. 29. 3, 2. 3. 69. 4, ’20. 26. 27.
5, 17. 23. 50. 6, 19. 29. 33. 45. 7, 7.
25. 9, 5.11. 1ο,11.19. 11, 39. 13,
2.14,27.15‚7. 14. 16, 5. 19, 2. 24.
20, 1. 21, 9. 23, 18. 24, 7. 8. 34. 25,
8. 26,2. 29, 2. 38. 45. 57. 30,3(bis).
6. 1111 1, 3. 14. 24. 2, 50. 3, 3. 4. 4,
61. 69. 73. 6,13. 7,23 (ter). 8‚9
(bis). 13. 15. 17. 9, 3. 5. 13. 18. 21.
30. 39. 45. 51. 10, 7. 8. 11, 22. 33.
12, 22. 13, 27. 14, 41. 49. 15,17.19.
21.22. 23. 24. Ε 1, 8. 10. 21.·25. 2,
37. 49. 53. 54. 58. 59. 4,6. 5,41.

, 50. 59. 73. 81. 83. 87. 7‚5. 9,30.
10, 17. 11, 21. 25. 12, 25. 14, 9. 12.
13. 15,13. 16, 57. 59. 17, 3. 54.

Nonae III 18, 10.

nondum 11 1, 5. 5, 1. 2.

nonne I 14, 3.

1101111111 1111 11, 1.

Noricus Ι 16, 9. Norico E 17, 71.

norma} ΙΙ 15, 12.

nos I 6, 5. 17 (bis). 35, 34. II 17, 32.
ΙΠ 24, 45. 47. 28, 9. 1111 7, 14. 15,
25. E 1, 5. nostri ΙΙΙ 11, 51. 27,14.

ΗυιὶΑτινε 1 1.

273

nobis Ε 9, 36. 1108 Ι 4, 15. 7, 25. 11
3, 27. 111 6, 47. Ε 16, 41.

nosces Ι 15, 27. noscent II 20, 19.
noui III 27, 19. nosti Ε’17, 77. noris
1111 11, 13.

nostrum ΙΙ 17, 21. nostri 1111 4, 71.
nostro I 16, 16. 1111 15, 6. nostrum
I 3, 39. nostro II 1, 36, ΙΠ 5, 24.
nostris Ι 2, 47. nostros 111 6, 11.
nostra 11 6, 2. nostris III 3,29. 1111

n5ta· I 36,10.11 3, 8. notam I 13,12.
1111 2, 59. notis 1111 8,13.

Nothi 111 15,11.

Notus 1 7,16. 28,22. ΙῙῙΙ 5, 9. Ε 16.
22. Noti Ι 3,14’. Noto E 9, 31. Noto
Ε 10, 20. Νο1ἰ8 111 7, 5.

notus II 2, 6. 111 4, 70. E 17, 18. nota
I 2, 10. ΙΠΙ 13, 21. notas 111 11,
25. 1111 2, 6. notis 1111 13, 15, no·
tior 11 20, 13.

nouem ΙΙΙ 19, 11. CS 62.

Nouemdialis E 17, 48.

nouerca E 5, 9.

ηοιιὸε noua Ι 3, 30. II 8, 18. E 12, 20.
nouae CS 19. nouom I 31, 2. no-
uam Ε 5, 65. 110110 Ι 36, 18. ΙΙ 15,
20. 111 1, 45. 1111 4, 16. noufi I 7.
29. 35, 38. 111 4, 12. 25,3. Ε 16,3Ο.
noui 1 14, 1. nouae ΙΙ 18, 16. no-
uis Ε 17, 64. nouas 1111 12, 19. nona
Ι 2, 6. II 9, 18. 1111 2, 10. nouis I
26, 10. IIII 1, 32. Ε 16, 6.

nox Ι 4, 16. 28,15. ΙΙΙ 11,50. Ε 15, 1.
17, 25. noctis 11 8,10 ΙΠ 19, 10
noctem 19,19.17,25. nocte 1117,
29. 27,31. 29,3Ο. 1111 9, 28. Ε 10,
9.12,15. CS 24. noctes '125‚ 7. 111
7, 7. Ε 15,13.

Nox ΙΙΙ 28, 16. Ε 5, 51.

nubes 11 16, 2. nube I 2, 31. 111 29,
44. nubes I 12, 30. nubium 1111 2,
27. nubibus 111 29, 10. nubes 1111
14, 22. nubibus II 9, 1.

nubila Ι 7, 15. 34, 6.

nubo nupta III 10,2. ΙΙΙΙ6,41. nuptam
Ε 5, 66. nuptae 11 8, 23.

nudus ΙΙΙ 16,23. nuda Ι 24, 7. ΙΠ 27,
52. 1111 7, 6. nudum I 14, 4. nudo
ΙΙΙ 20, 11. nudis 111 19, 17. E17,54.

nullus 11 2, 1. nulla I 22, 17. 11 15.
14. 18, 29, Ε 5, 29. 16, 17. nullum
E 17, 24. nullius E 16, 61. nulli 1
24, 10. 36, 6. nnllam Ι 18, 1. nnl-
lum I 28, 19. 1111115 Ε 5, 90. nul-
la Ι 28, 34. Ε 16, 61. nullis 1111
5, 21.

num Ι 24, 15. ΙΙ 12, 21. Ε 3, 6. 8, 17.

18

