252

erile III 27, 63.

eripiunt 11118,32. eripe 11129, 5. eri-
puit II 17, 24. eripi ΙΙ 12,27. erep-
tus E 2, 60. ereptum IIII 8, 25.

erro I 34, 3. errat III 18, 13. errem
111 27, 51. errare III 4, 7. errans

⁴ 11 14, 18. errantis E 2, 12.

erubescendis I 27, 15.

erum ΙΙ 18, 32.

erutas E 5, 17.

Erycina Ι 2, 33.

Erymanthi Ι 21, 7.

Esquilini E 17,58. EsquilinaeE5,100.

et 1 1 , 16. 23. 2, 2. 9. 18. 34. 35. 39.
3, 8. 9. 19. 30. 4, 17. 20. 5, 6. 6, 1.
11. 7, 6. 27. 8, 16. 9, 13. 10, 3. 5.
15. 20. 11, 6. 12, 22. 31. 37. 41. 42.
43. 56. 13, 6. 17. 14, 5. 15, 8. 11.
12. 17. 18. 16, 15. 18. 24. 17, 2. 6.
11. 14. 27. 18. 2. 15. 19, 3. 8. 11.
20, 6. 9. 21, 5. 14. 22, 10. 23, 4. 24,
6. 25, 6. 13. 26, 1. 27, 5. 8. 28, 1. 9.

16. 24. 29, 2. 12. 30, 2. 5. 7. 31, 17. et

32,2.3. 11. 13. 34, 1. 9. 10. 13. 35,
10. 11. 18. 21. 25. 30. 33. 36, 2. 37,
4. 25. 26. 111, 2. 4. 7. 14. 23. 25. 2,
11. 15. 21. 3, 11. 13 (bis). 17.19.
22. 3. 27. 4, 10. 15. 21. 5, 14. 6, 1.
2. 7. 11. 18. 21. 7, 9. 11. 8, 10.14.
9, 8. 18. 20. 10, 10. 11, 6. 14. 12, 5.
15. 13, 1. 2. 5. 6. 9. 17. 18. 22. 23.
26. 31. 35. 14, 3. 21 (bis). 26. 15, 5.
6. 11. 19. 21. 16, 11. 23. 26. 31. 37.
39. 18, 9. 18. 24. 28 (bis). 19, 3. 9.
10. 16. 25. 31. 20,10.17.18.22. 111
1,1.15. 37. 39. 45. 2, 3. 5. 8. 13.
14. 23. 25. 3‚1.9.20. 24. 30. 31. 35.
41. 49. 64. 71. 4, 1. 6. 15. 1825.
31. 34. 36. 46. 53. 59. 64. 5, 6. 9.
12. 15. 19. 23. 34. 43. 6, 3.9. 11
(bis). 14. 22. 23. 35. 39. 42. 7, 16.
19. 31. 8, 2. 6. 14. 16. 26. 9, 10. 22.
10, 7. 11, 11.14(bis).21. 26. 35.
39. 49. 50. 51. 12, 15. 13,12. 14, 10.
17. 18. 21. 26. 15, 6. 16, 2. 6. 7. 10.
14. 23.* 30. 17, 2. 3. 7. 10. 15. 18, 2.
19, 3. 4. 7. 24. 20, 13. 21, 3. 11. 15.
18. 21. 23, 3. 10. 20. 24, 2.4. 11. 13.
22. 24. 26. 46. 48 (bis). 52. 60. 25,
6.10. 13. 26, 2. 7 (bis). 9. 27, 2.
5. 14. 19. 22. 23. 26. 29. 32. 46. 61.
67. 28, 10. 12. 14. 29, 3. 6. 7. 9. 12.
15. 19. 22. 26. 27. 37 (bis). 49. 54.
59. 30, 5. 11. 15. 1111 1, 14. 15. 17.
22. 2, 19. 22. 41. 46. 3, 11. 16. 24.
4, 5. 29. 38. 39. 46. 52. 71. 75. 5, 8.
13. 22. 30. 31. 34. 36. 6, 3. 15. 34.
7,3.7.11.16.21. 8,12.14. 9, 7.

INDEX VERBORVM

14.‘16. 35. 37. 10, 1. 3. 4. 11, 9. 23.
26. 29. 12, 6. 11. 25. 13, 2. 5. 6. 10.
12. 21. 14, 11. 23. 31. 33. 36. 42.
46. 15, 2. 5. 6. 8. 9. 12. 13. 14. 20.
Ε 1, 11. 22. 23. 2, 7. 21. 31. 35. 47.
57.4,....,....14914523161923.

37. 43. 44. 51. 95. 97. 100. 6, 4. 7, ·

15. 8, 3. 7. 9. 9, 13 (bis). 2.2 34.10,
17. 24. 11, 21. 22. 12, 7. 13, 1. 5. 8.
9.14.15,1.7.14,17.’19.16,1.113.
20. 32. 35. 37. 40. 42. 44. 17, 3. 10. 17.
20. 21. 25. 30. 45. 49 50. 58. 77.
OS 10 (bis). 31. 32. 39. 48. 56. 57
(bis). 58. 61. 71.

et (-. etiam) I 4, 11. 9, 21.10,1312,
25. 16, 15. 28, 7. ΙΙ 10, 17. 13, 37.
19, 13. III 2, 14. 4, 70. 15, 8. 21, 11.
27, 5. 25. Ε 16, 45.

et (postpositum) Ι 12, 11. 29, 14. 31,

10. 37, 8. 111 24, 48 (bis). 11117,15.

Ε 1, 12. 2, 20. 3, 22. 9, 13. 10, 18

11, 8. 16, 2. 40. 17, 2. OS 3.

. . . et I 1, 2. 7, 13. 9, 18. 14, 13.

23, 8. 32, 9. II 3, 15. 13, 37. III 4,

8. 41. 5, 10. 6, 18. 11, 5. 6. 13, 5.

14, 7. 17, 2. 3. 24, 43. 1111 1, 13.

15, 31. Ε 11, 9. 10. OS 75.v

etenim IIII 5, 17.

etiam III 11, 2911116, 19.

Etrusca E 16, 4. Etruscum III 29,
35. CS 38. E'trusco Ι 2,14. Etrusca

euaganti 1111 15, 10.

euehit Ι 1, 6.

euello euolsis III 4, 55.

eu5nit 1111 4, 65.

Euhias III 25, 9.

Euhius I 18, 9. ΙΙ 11, 17.

euhoe II 19, 5. 7.

euincet II 15, 5.

euitafa I 1, 5.

Eumenidum II 13, 36.

Europe (myth.) ΙΙΙ 27, 25. 57.

Europen III 3, 47.

Eurus I 28, 25. 1111 4, 43. Ε 10, 5. 16,
54. Euro I 25, 20. II 16, 24. 111 17,
11. IIII 6, 10.

Euterpe 1 1, 33. ’-

ex I 29, 7. ΙΙ 1, 1. ΠΙ 2, 6. 3, 21. 24,
32. 30, 12. IIII 11, 18. Ε 11, 5.

examen I 35, 31. E 2, 65.

exanimas II 17, 1. exanimari 111

exaret Ε 8, 4.

excantata 'E 5, 45.

excido excidit ΙΙΙ 5, 29.

eaecfdo excisus 111 3, 67.

