Immx vmomm

ris m1 3, 21. muneri ΠΠ 8, 12.
munere 11 14, 10. ΙΙΠ 2, 20. mu-
nera I 28, 4. 111 10, 13. 16, 15. mu-
nerum 1111 8, 4. munera Ι 18, 7. 11
1, 38. 1111 15, 26. Ε 12, 2. muneri-
bus 111 16, 15. IIII 1, 18. 9, 48. 10,

Murenae III 19, 11.

murice H 16, 36. muricibus E 12, 21.

murmure 11 1, 17. .

murreum 111 14, 22.

murus III 3, 65. 111111·οε ΠΠ 6, 24. 11111-
ris I 16, 20. ,

Musa I 6, 10. 11 1, 9. 37. 12, 13. ΠΙ 3,
70. IIII 8, 28. 29. Musam II 10, 19.
Musarum ΠΙ 1, 3. Musis I 26, 1.
IIII 9,21. Musas I 32, 9. ΠΙ 19,13.

musa 1 17, 14.

mutat I 17, 2. ΙΠ 7, 3. Ε 4, 6. 1111118-
111118 11 16, 19. mutet E 1, 28. mu·
tare Ι 16, 26. 29, 15. 34, 13. OS 39.
mutaret III 6, 42. mutauit E 9, 28.
mutor II 20, 10. mutatus 111110, 5.
mutatae Ι 36, 9. Ε 5, 33. mutata
I 2, 41. 35, 23. mutatos Ι 5, 6.

mutis 1111 3, 19.

mutui 1111 1, 30. mutuum Ε 15, 10.
mutui 111 9, 13. 1111111118 11 12, 15.

Mycenas Ι 7, 9.

Mygdoniis III 16, 41. Mygdonias II

Myrtale I 33, 14.

Myrtoum I 1, 14.

myrtus Ι 38, 7. 11 15, 6. myrto Ι 4, 9.
25,18. 38, 5. 11 7,25. 1114,19. 23, 16.

Mysorum E 17, 10.

Mysten 11 9, 10.

Mytilenen Ι 7, 1.

Ν.

Naiadum ΠΙ 25, 14.

118111 1 18, 3. 23, 5. ΠΙ 7,21. 11, l. 30.
13, 6. 23, 9. 1111 14, 9. 34. Ε 6, 5.
11, 7. 14, 6. 15, 12. 17, 45.

namque 1 22, 9. 34, 5. IIII 1, 13. E 6,

nanctae (†naetae) ΙΙΙ 11, 41.

nardi 1111 12, 17. nardo 11 11, 16. IIII
12, 16. E 5, 59. 13, 9.

narisE 12, 3. narium 11 15, 6. nari·
bus 1111 1, 21..

narras 111 19, 3. narrat III 7, 17. 1181·-
ratur 111 21, 11.

nasceris OS 11. nascuntur ΙΙ 20, 11.
nasei II 4, 19. nascentem 1111 3, 2.

'271

nascente III 23, 2. 1181118 Π 3, 21.
1111 9, 2. nata 111 21, 1. natum II
4, 5. nate Ε 13,12. 118108 11 18, 28.
111 5, 42. ΠΙΙ 4, 55. 118118 1 27, 1.
28, 31. 11818 1111 4, 36.

natalis ΙΙ 17, 19. 1181818111 I 21, 10.
III 4, 63. 1181811 ΠΠ 11, 18.

natis (accus.) E 8, 5.

nato 1181811118 13, 18. natarunt 12, 11.
naturae I 28, 15.

naufragum I 16, 10.

nauisI 3, 5. 14, 1. 37, 13. Ε 10,1. 118-
1118 11 13‚27. III 6,31. 118111111 (†na-
uem) 1 32, 8. nauium ΠΙ 16, 15. Ε

1, 1. 4, 17. 9, 19. nauis II 16, 21. ’

nauibus Ι 6, 3. 15, 1. E 9. 8.

11811118 Ι 14, 14. Π 13, 14. ΠΙ 4, 30.
nauitae ΙΙΙ 24, 41. Im 5, 19. naui-
tis 11 10, 15. 17, 54.

nausiam E 9, 35.

nauta 1 1, 14. 28, 23. nautae E 16,
59. 11811118 Ι 12, 27. 28, 18. ΙΙ 16, 4.
Ε 15, 7. 17, 20.

ne I 2, 5. 8, 15. 11, 1. 17, 25. 18. 7.
28, 23. 33, l. 35, 13. 36, 10. II 1,37.
4, 1. 8, 23. 111 2, 9. 3, 58. 7, 23. 8,
25. 10, 10. 11, 38. 29, 6. 60. 1111 7,
7. 9, 1. 15, 3. E 12, 23. 16, 26.

118 (suffioe.) 11 3, 21. 111 5, 5. 27, 38.
42. Ε 1, 7. 4, 7. 7, 3. 13. 11, 11,

Neaera Ε 15, 11. Neaerae 111 14, 21.

Neapolis E 5, 43.

Nearchum 111 20, 6.

nebulam 111 15, 6. nebulae I 22, 19.
111 3, 56.

nec 1 1, 19. 20. 33. 3, 12. 1411118). 38.
4, 4. 18. 19. 6, 5. 7. 8. 7, 10. 11. 16.
8, 6. 9,2.11.12.15. 11, 2. 12, 18.
23. 13, 5 (bis). 18. 16, 10. 11 (bis).
17, 8. 9. 22. 24. 18, 12. 19, 10. 12.
20, 10. 22, 2. 3. 15. 25, 3. 28, 4. 31,
19. 20. 35, 19. 22. 36, 18. 37‚22. 23.
11 2, 14. 5, 3. 7, 18. 8, 18. 9. 4. 10.
12. 15. 11, 4. 12, 2 (bis). 5.17. 18
(bis). 13, 39. 14. 2. 15,17. 16, 15.
22. 17,2(bis).7(bis).13.14. 18,
7. 12. 34. 20, 1. 8. 111 1, 27. 41. 42.
43. 2, 15. 19. 3, 6. 25. 26. 4, 28. 75.
77. 5, 29. 7. 27. 9, 2. 10, 13. 14.15.
17. 18. 11, 5. 43. 14, 14. 15. 15, 15.
16. 16, 33. 34. 35. 38. 18, 6. 23. 5.
6. 24, 14. 19. 20. 38. 27, 1516. 1111
1, 29 (bis). 30. 31. 32. 2, 39. 4, 22.
5. 14. 7, 27. †8, 9. 9,9.19. 12,3
(bis).13‚13.14. E 1, 29. 2. 6. 3,
15. 17. 5, 67 (bis). 75. 7, 11. 8. 13.
9, 23. 10, 9. 11. 11,26.12‚ 3. 13,16.

