INDEX VERBORVM

quamuis Ι 14, 11. 28, 11. ΙΙΙ 7, 25.
10, 13. 11, 17. 1111 2, 39. 6, 6.

quando I 24, 8. 11117,2. E9‚1. 16,27.

quandoque IIII 1, 17. 2, 34.

quantus Ι 15, 9 (bis). E 10, 7. 15.
quanta Ε 4, 1. 11, 8. quantum I
27, 6. H 5, 17. 111 19, 1. Ε 5, 35.
17, 31. quanto 111 16, 21. 20, 1. 27,
17. quant} Ι 27, 19. quanta (acc.)
I 15, 10. quantis 1111 14, 19.

quatenus 111 24, 30.

quater I 31, 13.

quatit Ι 16, 5. ΙΙΙ 3, 4. 29, 53. qua-
tiunt Ι 4, 7. 25, 1. quatiam Ι 18,
12. quaties 1 12, 58. quatient IIII
1, 28. quateret IIII 6, 7. quassas
I 1, 18. IIII 8, 32.

que 1 1, 4. 5. 24. 31. 2, 16. 38. 45. 3,
3. 32. 4, 2. 6. 14. 16. 5, 6. 6, 10. 7,
9. 18. 21. 26. 30. 9, 3. 19. 23. 10, 6.
15. 18. 12, 10. 15. 25. 30. 37. 40.
14, 6. 18. 15, 12. 14. 18. 34. 16, 20.
28. 17, 4. 20. 28. 18 , 6. 16. 19, 2.
14. 21, 3. 10. 11. 12. 14. 22, 1. 19.
24, 7. 25, 3. 27, 3. 16. 28, 1. 5. 8. 9.
15. 27. 29. 32. 34. 29, 4. 30, 1. 6. 8.
31, 16. 32, 9. 11. 34, 8. 11. 35, 11.
16. 20. 32. 34. 40. 36, 9. 37, 11. 14.
II 1, 2. 20. 31. 2, 19. 22. 3, 9. 18. 4,

21. 5, 24. 6, 8. 15. 17. 7, 4.18.
8, 7. 11. 22. 9, 21. 23. 10, 11. 11, 8.
16. 12, 6. 9. 11. 13, 4. 20. 2314, 4.
8. 14. 19. 15, 4. 12. 16, 33. 17, 4.
16. 24. 31. 18, 10. 16. 20. 28. 34.
19, 3. 6. 10. 14. 24. 26. 28. 32. 20,
4. 11. 12. 15. 16. 20. 22. III 1, 4.
12. 20. 23. 30. 36. 44. 2, 5. 23. 28.
3, 19. 23. 29. 38. 40. 43. 56. 59. 68.
†4, 4. 4, 11. 15.43.46.51.55. 63. 74.
5, 4. 7. 11. 23. 36. 42. 47. 6, 3. 20.
35. 36. 8, 3. 9, 18. 20. 11, 3. 10. 13.
19. 21. 28. 12, 7. 14, 9. 15, 3. 16, 2.
18. 29. 18, 3. 21, 132223. 22, 1. 3.
23, 4. 16. 24, 15. 39. 44. 56. 61. 25,
15. 26, 3. 27, 4. 15. 21. 27. 35. 54.
65. 70. 28, 4. 14. 29, 12. 14. 22. 23.
28. 31. 37. 39. 42. 47. 55. 60. 64. 30,
2. 6. ΠΠ 1, 22. 2, 7. 11. 23. 28. 30.
35. 38. 41. 43. 49. 51. 53. 4, 7. 23.
34. 49. 60. 67. 5,13. 18. 6, 2. 11. 21.
30. 31. 39. 7, 2. 5. 8, 1. 16. 23. 9, 7.
8.11.15.†20. 24. 27. 35. 36. 39.
49. 50. 11, 17. 23. 12,11.19. 26. 13,
42.1 14 4. 11. 1527. 31,..3942
44. 46. 50. 15, 11. 14. 25. 27. 31. Ε
1,.,......3127132730354565.,4
15. 5 , 20. 21. 33. 46. 79. 87. 93. 7,
16. 17. 8,5. 9. 9,15. 19.27.37. 10, 6.

283

16. 12, 10.11.12.16.26. 13, 2. 4. 17.
15, 9. 20. 22. 16,6. 8. 10. 13. 19. 30.
34. 46. 50. 53. 17, 7. 19. 29. 43. 50.
72. 75. 80. 08 1. 6. 10. 17. 19. 22.
23. 25. 26. 29. 33. 37. 49. 50. 5354.
57. 59.62.67. 69 (bis). 7374. que—-
que I 26, 12. 35, 10. II 1, 3. ΠΙ 4,
19. 47. IIII 2, 22. 4, 55. 08 47. 66.

queant E 11, 25.

quer-ciis (accus.) I 12, 12. 111 23, 10.
1111 13, 10.

querellam III 11, 52. querellarum II
9, 18. querellas III 21, 2. querel-
lis ΙΙ 17, 1.

querimoniae II 20, 22. 111 24, 33.
querimoniis I 13, 19.

queror queruntur E 2, 26. querenti
I 2,17.111 27, 66. querentem II
13, 24. querebarE 11, 12. questus
Ε ’5,11.questae I 2, 6.

querqueta 11 9, 7.

querulae 111 7, 30.

questu I 25, 16.

qui (relat.) I 1, 19. 3, 10. 18. 19. 5, 9.
10. 10, 2. 12, 14. 15. 32, 6. 36, 4. II
13, 10. 14, 7. 20, 17.
45 (bis). 61. 62. 5, 33. 35. 17, 6. 19,
13. 26, 5. IIII 2, 55. 4, 41. 6, 26. 8,
18. 9, 47. 10, 4. 11, 15.12,18. 14, 17.
2645. E 1, 18. 2, 1. 11,3. 14, 11. 08 9.
63. quae I 2,10. 3, 5. 11, 5. 14, 17.
25, 5. 14. 26, 6. 35, 1. 37,“21. II 12,
27. 111 11, 9. 37. 22, 9. 23, 9. 26, 9.
27, 33. 41. 28, 13. IIII 3, 18. 4, 53.
7, 8. 13, 19. 20. 15, 19. E 5, 45. 51.
94. 8, 13. 12, 16. 17, 76. 08 69.
quod I 32, 2. III 1, 25. 4, 13. 29,
32. Ε2, 28. 9, 35. 0826. cuiusE12,
19. cui'124,3.6.33,10.111,15.
16,13.111 1, 17. 13, 4. 16, 43. 29,
42. 11114, 2. 12, 11. Ε9, 25. CS²
41. quemI2,38'. 4,10. 9,14.15,
29. 16, 2. ΙΙ 5, 21. 20, 6. ΙΙΙ 2, 11.
3, 32. 7, 1.1111 2, 6. 3, 1. 5, 9. 6, 1.
11, 21, 14, 7. Ε 12 , 23. 17, 9. 10.
quam I 2, 34. 6, 3. 15, 6. II 3, 18.
12, 17. 111 22, 6. E 12, 25. 13, 13.
quod I 22, 19. H 16, 31. III 29, 48.
30, 3. IIII 8, 21. Ε 1, 33. 5, 57. 8,
19. quo I 3, 15. 4, 19. 34, 9. 10. II
7, 6. 111 9, 15. IIII 2, 37. 14, 34. E
11, 5. qua Ι 27, 12. III 3, 55. 56. 9,
11. ΠΙΙ 11, 5. Ε 1, 10. 2, 21. 10, 10.
quo I 2, 22. 27, 11. III 3, 21. 08 5.
qni I 9, 9. 1111 15, 21. quae (f.)111
11,41.11113‚10.10‚3.12‚ 1. quae (n.)
Ι 19, 12. 111 11, 29. Ε 16, 13. 35.
quorum Ι 12, 27. III 24, 10. Ε 16,

111 2, 26. 4, »

